Case #1:
0 80 820 626 825 814 827 816 818 807 297 627 207 26 813 814 822 818 809 28 509 860 599 719 146 878 706 808 613 590 326 574 360 416 873 872 807 34 518 300 416 560 510 596 450 90 808 236 689 749 707 532 807 720 396 783 252 10 560 116 880 849 398 419 866 829 15 266 570 326 879 809 149 118 225 897 202 807 540 396 300 161 298 3 434 560 858 678 350 286 558 741 189 323 732 225 796
ku PERGI JUGA DEMI ;-'+/([ `=- UNTUK TEMAN @> berikan surat pada 7 *)(..* yang dimaksud !9,8,' tapi tak ~ [@7#}6* sangka
Case #2:
2 52 810 330 540 416 570 230 783 17 266 574 360 416 330 396 560 396 798 9 26 10 626 38 330 396 780 320 798 610 26 617 618 13 798 12 26 574 360 400 626 259 626 34 330 300 396 13 780 307 257 414 29 374 413 153 432 382 493 286 462 323 913 108 882 806 659 521 626
alasan tahu dari teman langsung saja aku bilang aku suka urusan sama temanku itu belakangan akhirnya
Case #3:
2 63 820 626 38 330 396 809 269 26 560 510 583 720 790 626 578 578 460 13 798 9 26 270 98 799 606 18 792 10 808 689 239 184 2 807 74 361 330 396 798 603 7 798 131 138 8 788 396 253 799 137 570 660 809 628 43 870 541 126 898 807 570 458 289 684 526 664 24 388 774 514 734 660 2 427 758 449 523 223
ku bilang `; suratnya ku titipkan saja jadi tugas mak *_]402 comblang sudah selesai ingin tertawa "1,;$146' tapi
Case #4:
2 37 574 360 400 626 540 361 251 807 544 414 612 790 626 811 818 821 810 823 816 783 240 799 243 10 783 266 530 360 236 330 350 790 626 38 330 396 397 695 533 122 519 255 162 874
TEMANKU SAMBIL senyum ku BILANG dia tidak di rumah lalu ku bilang
Case #5:
3 85 858 872 873 808 540 590 809 148 239 20 807 11 12 19 807 537 627 387 27 236 864 895 69 808 300 514 390 807 574 360 400 626 330 188 790 18 360 510 416 874 856 879 29 26 855 3 13 720 807 570 458 807 597 27 326 34 510 398 789 3 266 10 626 845 807 720 396 783 258 617 607 798 603 7 790 626 38 330 396 780 320 789 3 269 641 638 57 33 51 868 592 777 439 452 198 5 889 363 731 147
$>@ SATU [7;+ alamat RUMAH ^?29 KARENA temanku lagi kasmaran [-~0; PADANYA tapi TAK berani jadi aku 5 yang disuruh sudah ku bilang aku jadi
Case #6:
7 66 10 626 820 133 11 13 809 658 86 813 133 180 403 720 809 88 317 329 866 511 894 808 94 396 13 808 324 872 703 876 596 810 330 540 416 829 810 817 830 783 17 266 574 360 416 330 396 560 396 798 9 26 10 626 38 330 396 780 320 798 610 26 617 618 13 247 15 919 906 370 612 580 194 301 499 340 217 2 116 7 70
AKU kenalan |2 dengannya >&.&' .1) DENGAN &^>=,]/ alasan TAHU dari teman langsung saja aku bilang aku suka urusan
Case #7:
7 94 810 320 789 3 266 30 414 10 790 137 270 13 799 15 266 813 818 810 808 97 809 759 329 716 825 10 540 807 297 27 117 267 417 747 26 878 864 716 840 320 799 10 807 133 10 792 13 26 320 809 748 446 819 606 26 570 326 570 230 808 467 679 727 488 876 807 720 396 808 119 724 302 126 875 874 807 360 390 794 510 396 414 26 850 890 638 809 829 659 59 172 807 320 564 671 264 638 482 823 516 222 892 776 54 48 893 790 573 318
aku jadi banyak kerjaan tapi DIA 37 ?9&( paksa JADINYA `^= AKU TAK enak mana ku ): juga tak tahu #.*/^7-8] yang 3)4&246\[ mana orangnya &"%8 }/%<\* ku
Case #8:
5 71 819 3 253 720 780 320 799 10 784 390 326 360 390 807 327 626 850 807 290 180 799 10 807 597 27 237 626 720 396 808 266 822 13 26 437 13 193 720 808 566 896 520 870 874 89 59 86 820 626 270 98 781 253 200 396 780 450 804 13 206 210 530 566 842 879 24 4 870 807 320 629 875 439 374 96 350 150 820 303 774 173 164 871 793 326 857
jadinya aku tak enak mana KU & juga tak TAHU yang 8 mana orangnya $ {.&;[2<> ku jadi bingung apa yang harus 2~0^04; ku
Case #9:
1 72 819 3 253 720 780 320 807 597 27 326 133 10 792 13 26 820 830 807 297 627 207 26 829 810 820 807 597 27 237 626 720 396 809 628 81 566 49 707 896 893 893 0 807 360 390 794 510 396 414 26 320 789 3 266 38 396 613 206 15 26 720 396 787 17 618 790 626 330 320 300 419 385 453 776 747 768 90 586 927 519 308 410 519 755 536 193 867
jadinya aku TAK enak mana KU JUGA TAK TAHU yang "2%$ 1/=.{((00 mana orangnya ku jadi bingung apa yang harus ku lakukan
Case #10:
7 45 825 2 17 807 297 27 117 266 398 19 790 18 247 807 567 627 537 27 596 820 830 781 19 11 300 416 540 270 780 307 257 414 26 10 626 304 390 330 416 94 396 13 414 29 505 210 891 54 393 364 583 362 537 571 149 626 54 616 707 72
pacar JADI niat kasih SURAT KU batalkan saja akhirnya aku kenalan dengannya
Case #11:
4 87 810 320 804 13 206 810 822 811 818 821 809 659 658 20 94 539 806 895 683 151 807 304 544 375 19 13 809 266 840 896 890 569 209 287 808 253 266 821 6 255 611 26 10 626 330 188 809 58 569 48 896 897 870 877 873 807 570 326 843 31 26 825 613 720 808 276 239 862 729 870 895 795 690 878 329 855 629 236 825 2 17 789 3 266 398 19 579 773 827 381 354 397 207 148 696 811 414 242 270 301 223 109
aku yang AMBIL ||0+34.{ ?*=51 kesempatan ` 0{"$]~. INI lagipula aku lagi <$<${};_@ tak 3110 punya 967'*^9;? #=0`&'#+_ pacar jadi niat
Case #12:
7 88 560 90 236 847 897 610 870 408 176 858 131 138 8 807 253 188 416 829 814 827 829 810 832 810 799 15 266 10 626 829 810 817 810 823 799 10 619 790 139 7 600 418 416 820 2 20 330 236 891 894 876 878 896 846 897 807 270 98 414 26 855 22 239 29 86 239 629 329 299 659 819 801 896 209 150 316 870 807 320 795 611 13 206 304 797 612 7 748 618 549 887 767 367 339 560 803 640 902 840 836 472 536 389
SUDAH 7}+&;,$5 SELESAI ingin TERTAWA tapi aku TAHAN takut ketahuan, kacaulah |)]`{6} jadinya #0*7;> 7"!~|}9 %{6\0&-; ku pulang ke rumah
Case #13:
5 91 560 90 236 320 809 149 298 53 209 869 809 296 841 251 13 206 10 626 819 3 266 30 414 10 807 327 147 537 297 27 27 416 570 458 783 240 807 477 27 327 567 26 846 119 629 776 536 323 880 239 866 819 3 253 720 780 320 809 28 484 56 870 878 898 872 890 872 807 570 326 133 10 809 868 260 506 822 13 26 320 789 606 26 570 326 570 230 804 13 209 132 311 434 194 532 258 1 845 67 636 231 877 684 177 629 604
SUDAH KU [~1=6'{~ BILANG AKU jadi banyak KERJAAN tapi dia PAKSA 63"? . &=!7' jadinya aku ;-41 ;`'>"> tak enak '8+- mana ku juga tak tahu yang
Case #14:
0 45 873 808 703 114 206 239 714 807 574 360 416 34 518 300 416 560 510 596 450 90 804 13 206 98 360 318 603 799 15 266 570 326 540 396 300 798 139 131 7 808 160 56 810 320 530 621 833 225 103 243 583 626 358 58 418 750 343 590 396 203
@ =,3^6 7(^ teman berikan surat pada yang dimaksud tapi tak sangka setelah 5&1 aku
Case #15:
4 94 890 872 845 643 659 230 804 870 509 9 190 896 326 829 259 255 300 416 828 810 819 810 808 236 849 3 266 842 59 319 894 626 140 174 879 870 583 446 859 606 18 808 428 59 746 880 720 273 419 296 822 10 782 432 41 13 206 560 90 236 544 334 540 266 877 862 874 877 873 206 818 396 253 799 137 570 660 799 15 266 10 626 570 210 416 570 320 596 304 570 230 13 853 739 18 799 447 546 29 324 184 360 739 830 298 361 670 614 478
">5%,%_+ ^;-;96&{& titipkan SAJA 7 JADI 21!/)+ 4+5^~;/,: TUGAS :81) !^093,~ mak comblang sudah selesai _*[_@6 ingin tertawa tapi aku tahan takut ketahuan,
Case #16:
7 69 890 848 891 879 891 871 807 304 544 375 19 13 807 267 417 266 821 810 816 818 825 830 821 810 807 27 327 626 821 810 816 818 799 10 808 26 855 613 720 807 450 60 536 270 98 793 240 596 300 548 236 560 510 596 320 808 89 722 239 813 807 30 570 340 13 798 9 29 127 512 310 631 754 604 305 873 58 815 588 506 494 399 419 914
"8|~|< kesempatan INI LAGIPULA AKU LAGI tak 0 PUNYA pacar jadi niat kasih surat ku 2)27}3 batalkan saja
Case #17:
3 100 876 871 893 861 873 870 895 746 828 13 190 26 895 864 871 808 544 574 330 236 810 320 807 297 627 387 477 26 414 19 13 720 794 510 396 414 26 540 396 19 330 236 896 863 569 119 98 506 898 254 548 807 364 390 518 326 320 795 250 257 856 825 250 257 808 419 59 236 813 17 255 3 26 877 858 29 287 479 840 266 811 600 596 574 360 400 626 860 895 807 364 393 253 180 416 10 626 720 396 46 857 106 119 603 392 268 194 681 118 824 866 912 629 625 282
]<(%@;?^ sangka ?^< SETELAH aku JUMPA nyatanya orangnya sangatlah {=$@@8- '8:$8 menarik ku pikir-pikir ,<_ daripada _$0~.#'08 buat temanku +? mendingan aku yang
Case #18:
6 65 330 188 470 330 780 320 807 330 188 807 597 27 326 470 414 26 825 810 812 810 827 789 3 266 823 818 810 829 790 18 247 798 617 19 790 626 30 570 340 13 798 9 26 844 416 810 307 257 414 26 877 863 296 810 320 790 133 11 13 783 133 180 403 720 97 813 88 897 462 528 924 866 803 746 35 765 543 168 379 62
LAGIPULA AKU lagi TAK punya PACAR jadi NIAT kasih surat ku batalkan saja 4, akhirnya _=9 aku kenalan dengannya
Case #19:
5 58 10 626 304 390 330 416 813 133 180 403 720 807 117 147 417 207 27 416 11 18 13 808 539 719 656 829 7 626 90 518 799 132 13 791 13 198 613 206 540 270 809 89 89 658 160 807 10 626 857 82 879 807 38 330 396 780 320 845 252 316 361 639 20 479 844 918 147 97 443 307 45 638 135
AKU KENALAN dengannya DENGAN alasan .(| tahu dari teman langsung saja >>|5& aku .2*~ bilang aku
